Genome	KRGM_100_5gb_M Relative Abundance (%)	KRGM_91_5gb_M Relative Abundance (%)	KRGM_92_5gb_M Relative Abundance (%)	KRGM_93_5gb_M Relative Abundance (%)	KRGM_94_5gb_M Relative Abundance (%)	KRGM_95_5gb_M Relative Abundance (%)	KRGM_96_5gb_M Relative Abundance (%)	KRGM_97_5gb_M Relative Abundance (%)	KRGM_98_5gb_M Relative Abundance (%)	KRGM_99_5gb_M Relative Abundance (%)
unmapped	55.862938	52.5669	51.158627	48.15926	52.344	50.984436	59.551334	58.831787	47.87849	56.34333
5_gb_bin.100	0.00002975864	0.000008997834	0	0	0	0	0	0.29375628	0.000019012183	0.0000061983083
5_gb_bin.101	0.001176875	0.05336832	0.022352677	0.13900606	0.0039648307	0.42790487	0.0002531525	1.0441976	0.043938737	0.34468493
5_gb_bin.102	0.00011160558	0.2318816	0.000049538758	0.000047708727	0.009201671	0.000018987006	0.00013816313	0.000012638269	0.000100615805	0.00008148573
5_gb_bin.103	0.0016368835	0.0038712076	0.025043193	0.41268605	0.084076636	0.0022824157	0.0038426002	0.004499408	0.0017676399	0.0035513085
5_gb_bin.104	0.008066948	0.09140785	0.002854679	0.0011680967	0.0005379421	0.0009980517	0.016997367	0.0054937727	0.24089524	0.043075487
5_gb_bin.105	0.000022141825	0.28654864	0.000032588054	0.000006454261	0.000014413484	0.0000014064916	0.000009548236	0.0047328607	0.008427654	0.0029282973
5_gb_bin.106	0.00096783903	0.0016538786	0.00001400978	0.79903173	0.0012851149	0.06440254	0.025951048	0.009586394	0.015486593	0.022104746
5_gb_bin.107	0.020667477	0.17100182	0.5330867	0.2909589	0.24641494	0.0002748172	0.087782405	0.21338929	0.15505406	0.086272225
5_gb_bin.108	0.0045435885	0.27518848	0.84344864	0.0816553	0.0012910059	0.12440278	0.06747985	0.86934465	0.030429171	0.13112156
5_gb_bin.109	0.068562604	0.3322572	0.00028731916	0.0015446612	0.002718464	0.14798473	0.0013029926	0.0013221165	0.016209109	0.0023018478
5_gb_bin.10	0.0020856822	0.00001840409	0.0025453384	0.0013987807	0.008850836	0.886391	0.000014320322	0.0011255486	0.14370397	0.020294994
5_gb_bin.110	0.30398142	0.00017994535	0.00011036422	1.5555167	0.15330346	1.1623379	1.0994775	0.6841989	0.19923557	0.101846725
5_gb_bin.111	0.027462933	0.21413599	0.31883398	0.19075331	0.17516504	0.18763568	0.23581767	0.6308599	0.06566874	0.24502115
5_gb_bin.112	0.000100494035	0.13011888	0.00020671819	0.06389891	0.091979235	0.0000045741526	0.06432863	0.008300916	0.014023026	0.062021144
5_gb_bin.113	0.003928135	0.0049897637	0.013622505	0.015204308	0.032818917	0.73143184	0.020246143	0.003297338	0.006693707	0.0014260432
5_gb_bin.114	0.057049766	0.36734572	0	0.000009034742	0.0000045122565	0.000005914627	0.082809426	0.0011137854	0.000016101498	0.0005390381
5_gb_bin.115	0.024967434	0.004023637	0.0034123235	0.0038987643	0.005708796	0.23310731	0.0022326768	0.023625191	0.03626627	0.014774766
5_gb_bin.116	0.087700486	0.55414045	2.2794752	0.6445347	0.42644772	0.23737653	2.2918236	3.2872405	0.13326572	0.4454141
5_gb_bin.117	1.0112832	0.002602144	1.1149752	0.0010839086	0.0008038807	0.0008094563	0.0015365162	0.017140852	0.44333526	0.87286335
5_gb_bin.118	0.032773107	0.19476178	0.0023796961	0.0013917824	0.0007633509	0.0021938544	0.002003068	0.007507693	0.018354168	0.020304637
5_gb_bin.119	0.35373345	0.018037753	0.25905648	0.008686652	0.47435603	0.38475066	1.5247486	1.6006072	1.2726055	1.5294623
5_gb_bin.11	0.13137509	0.8939337	0.56378657	0.07925708	0.29725516	0.6716159	0.6177363	0.18111774	0.4026059	0.09910722
5_gb_bin.120	0.0029740043	0.07545824	0.027390856	0.8581729	1.1731186	0.03528983	0.015385042	0.14390332	0.0110198315	0.019042712
5_gb_bin.121	0.55707836	0.53748333	0.4103385	0.112759516	0.060845014	0.121738695	0.26662493	0.47693247	0.15639427	0.33200806
5_gb_bin.122	0.249773	0.17880274	0.10755359	0.06429147	0.15449171	0.0072539174	0.1164485	0.007581981	0.0062812148	0.0144618
5_gb_bin.123	2.3242922	0.014666464	0.01841133	0.00033683254	0.024701104	0.00017605865	0.0018087084	0.0703014	0.043778505	0.000020848416
5_gb_bin.124	0.00009009279	0.0003387104	0.00010240298	0.00011878092	0.008658237	0.000118300435	0.00032221648	0.5451106	0.0007632755	0.0013077634
5_gb_bin.125	0.0008093825	0.0006981421	1.3140507	2.764371	0.24526845	0.0069369655	0.00018343542	0.019007938	0.023088519	0.0030949903
5_gb_bin.126	0.0030903714	0.024692414	0.0008347007	0.0010218498	0.0020247279	0.00032556494	0.0005505619	0.1611949	1.5254731	0.016591117
5_gb_bin.127	0.047912925	0.1476399	0.07641828	0.24331431	0.51541704	0.038142554	0.55724454	0.49589834	0.010835863	0.005778079
5_gb_bin.128	0.0042515034	0.24165346	0.00018583673	1.8665321	0.00718409	0.15244345	0.1833431	0.36648712	1.3067346	9.631564
5_gb_bin.129	0.03994975	0.00025946193	0.00008266506	0.00032526534	0.000060286184	0.00012059911	0.00015947438	0.07806575	0.27475306	0.0007991632
5_gb_bin.12	0.1407837	0.11053286	0.04301345	0.01032592	0.0066865454	0.0075384295	0.009775161	0.09606011	0.00997947	0.015340705
5_gb_bin.130	0.01133984	0.005748351	0.01092869	0.009571415	0.009851206	1.8592626	0.006595885	0.05668635	0.031589404	0.08357576
5_gb_bin.131	0.0072487663	0.051291935	0.015550905	0.030297058	0.6598647	0.0016262562	0.0062108277	0.32507887	2.0413299	0.0011495323
5_gb_bin.132	0.101818174	0.0085066985	0.0064093056	0.0102427965	0.0017845815	0.34583414	0.004568421	0.004665991	0.023644261	0.014870992
5_gb_bin.133	0.106633924	0.20602238	0.02470672	0.11894417	0.038604278	0.122910134	0.07690602	0.119814985	0.20944288	0.11032575
5_gb_bin.134	0.054980334	0.10568192	0.76348406	0.039973184	0.089862175	0.010282197	0.08465858	0.061395433	0.21732217	0.016694285
5_gb_bin.135	0.16218331	0.018975696	0.0000512916	12.431336	0.3630021	0.059444275	10.727411	0.19101839	0.2527227	2.032512
5_gb_bin.136	0.00079200923	0.0028901796	0.00034957257	0.00071521127	0.050251283	0.0002619463	0.00065263716	0.0050771544	1.3377737	0.011182789
5_gb_bin.137	0.005103242	0.19184408	0.0010670876	0.0011761166	0.0014519675	0.00063815695	0.0004492093	0.07279453	0.030975467	0.15489744
5_gb_bin.138	0.043419167	0.19518639	0.032757174	0.11006535	0.06604632	0.08969018	0.007318342	0.52043533	0.5640357	1.518274
5_gb_bin.139	0.08388691	0.13978964	0.02596374	0.027633741	0.04211369	0.0098392675	0.035810784	0.09910223	0.0779655	0.05046908
5_gb_bin.13	0.010177685	0.041115765	0.008009107	0.30306932	0.0345051	0.0022708364	0.0424125	0.004534891	0.009288712	0.0021961203
5_gb_bin.140	0.014935426	0.4982315	0.11473654	0.032271795	0.05664463	0.020281564	0.061913062	0.16315843	0.12765646	0.39509273
5_gb_bin.141	0.5148267	0.0011949039	0.002055261	0.0014305051	0.012487088	0.0064373137	0.000492914	0.004316993	0.0040190076	0.00075129064
5_gb_bin.142	0.14493114	0.045529746	0.22218089	0.017483516	0.032378282	0.00074172986	0.0009122446	0.005087319	0.0062011415	0.017193733
5_gb_bin.143	0.0018966962	0.0014607614	0.001962807	0.002782512	0.0013508864	0.6767126	0.005230036	0.0067105778	0.0215486	0.0022463975
5_gb_bin.144	0	0.046658542	0	0	0	0.0000041767007	0	0.2663527	0.26112062	0.35925665
5_gb_bin.145	0.07324332	0.057419714	0.066178285	0.0017454621	0.03377101	0.00030108288	0.00054265995	0.02225179	0.02926121	0.08328654
5_gb_bin.146	0.00011654334	0.00030170937	0.000047688885	0.00025491018	0.000007689915	0.00016634798	0.00017464066	0.00035214832	0.00042768102	0.2081641
5_gb_bin.147	0.5661071	0.0000043579316	0.000014605724	0.0018370091	0.000227582	0.0011367932	0.0013003151	0.0037908973	0.30780315	0.0957555
5_gb_bin.148	0.03290502	0.08120807	1.2243174	0.39490536	0.0024161492	0.2679483	0.115494944	0.6169931	0.26513535	0.8064991
5_gb_bin.149	0.0039534774	0.004453379	0.002614219	0.0022925008	0.0013919289	0.0036158273	0.0055050827	0.0027288185	0.3773686	0.0022135149
5_gb_bin.14	0.65476245	0.17455445	0.04265269	0.020502798	0.14078963	0.7321684	0.027490206	0.3158095	0.46829116	0.18883137
5_gb_bin.150	0.00025593053	0.0040646945	0.0041449	0.0043784673	0.0007923053	0.00090347324	0.0017880393	0.11072372	0.011725011	0.2755776
5_gb_bin.151	0.0001642805	0.006798853	0.00023370059	0.003287621	0.00052503793	0.00003752807	0.0013326845	0.30327863	0.005873094	0.0027236894
5_gb_bin.152	0.2556431	0.14644784	0.089003436	0.02345104	0.011775848	0.09345965	0.07360143	0.113664925	0.043389935	0.13509999
5_gb_bin.153	0.48710927	3.053237	1.9769281	0.0027938979	0.0029298612	0.0040719165	0.003061077	0.0040092687	0.02266812	0.016712727
5_gb_bin.154	0.0027410397	0.15985139	0.010791266	0.036280867	0.0018748551	0.0042455634	0.016551495	0.017255122	0.0041364087	0.44231394
5_gb_bin.155	0.00003472099	0.00015630554	0	0.000056984965	0.00019533181	0.000014550678	0.00004342437	0.0068966043	1.0012895	0.000017981734
5_gb_bin.156	0.003843453	0.12858087	0.08089673	0.037576564	0.022894483	0.0038405287	0.05298105	0.006335803	0.013622516	0.0041141883
5_gb_bin.157	0.48560625	0.25224644	1.601206	0.75051254	0.01053113	0.001310305	0.0023545483	0.01735716	0.21272893	0.009249821
5_gb_bin.158	0.0037531876	0.0039026774	0.0014143578	0.0012999092	0.0018125355	0.00066857954	0.000553059	0.001715928	0.0042521693	0.3841826
5_gb_bin.159	0.000007252101	0.33643135	0	0.00023784241	0.00044513863	0.000007521807	0.000013064409	0.00018910854	0.0025724291	0.019575678
5_gb_bin.15	0.021360831	0.35968688	1.8739591	0.05318897	0.8870667	0.02800887	0.77504295	0.5215507	0.5244731	1.2677963
5_gb_bin.160	0.00063550763	0.0016688971	0.0002591751	0.000029417974	0.0014142533	0.000045952922	0.00039985124	0.0039186273	0.0314897	0.8113074
5_gb_bin.161	0.27844816	0.0000134835445	0.00065326045	0.00001816397	0.002968235	0.00009439509	0.0000138210635	0.00014232137	0.0011437007	0.000016145177
5_gb_bin.162	0.49769783	0.802867	0.22591138	0.53201866	0.22278121	0.5248805	0.5144186	0.4965734	0.78125834	0.5760278
5_gb_bin.163	0.004248155	0.00082257966	0.008313954	0.0007930856	0.001802728	0.0010559228	0.0016019918	0.20288849	0.06861937	0.026676927
5_gb_bin.164	0.101650715	0.03164674	0.19309366	0.1315376	0.035234623	0.91780794	0.014645418	0.1459971	0.023047213	0.3327206
5_gb_bin.165	0.00006866167	0.0007593977	0.0008050434	0.0010324484	0.00012743594	0.00014092322	0.00020038396	0.26730958	0.0017792761	0.15556598
5_gb_bin.166	0.07345794	0.0054753837	0.013486377	0.30291367	0.009410952	0.027901744	0.007355849	0.0021267696	0.025863511	0.005874706
5_gb_bin.167	0.012554949	1.3069537	0.000108626315	0.000093256764	0.000045026292	0.00005647299	0.00007742347	0.0003794154	0.0052195927	0.00016973611
5_gb_bin.168	0.07532497	1.3438365	0.06379878	0.13241923	0.111449085	0.026182642	0.26599166	0.025175344	0.02001299	0.014073568
5_gb_bin.169	0.13707036	0.82661873	0.20178103	0.43798935	0.13571578	0.3960139	0.007111386	0.25628605	0.2817552	0.47189078
5_gb_bin.16	0.2048492	1.4423803	0.8145963	0.55445564	0.8414003	1.5515769	5.251175	1.5781289	0.27465332	0.25896508
5_gb_bin.170	0.6380932	0.000614408	0.003759529	0.13212149	0.0007074581	0.03442105	0.34269974	0.2284892	0.81482154	0.00053945684
5_gb_bin.171	0.9343918	0.93571365	0.43457115	0.06033028	0.04037666	0.10560311	1.3486997	0.38994318	0.14993836	0.7218829
5_gb_bin.172	0.14226538	0.3918444	0.000056827947	0.058873575	0.1368639	0.0012429716	0.035157748	0.0063862805	0.29045203	0.029668063
5_gb_bin.173	0.035090562	0.6544089	0.013693523	0.0073977937	0.08053817	0.0042374902	0.0037277061	0.017894605	0.0315151	0.011905182
5_gb_bin.174	0.0039012493	0.0011043345	0.0046361	0.16338558	0.05274363	0.00014245328	0.00019603455	0.135474	0.117310345	0.0005177439
5_gb_bin.175	1.1412103	0.17516644	0.027546067	0.504772	0.48389846	0.77262604	0.17967278	0.3148086	0.09222066	0.08138824
5_gb_bin.176	0.000107037835	0.082347974	0.00030842415	0.043311764	0.4914991	0.0022330263	0.031707868	0.0047538434	0.0051067728	0.0008548145
5_gb_bin.177	0.066223994	2.1359134	0.029285666	0.033954177	0.018498413	0.04915083	0.035233334	0.11774007	2.294266	2.9986465
5_gb_bin.178	0.021577206	0.13408585	0.03505457	0.026875207	0.013955267	0.112910405	0.06843689	0.14972071	0.050503578	0.033698667
5_gb_bin.179	0.059426364	0.1209797	0.0016470806	1.8142762	0.036500048	13.934508	0.46098733	0.4150614	0.38540927	0.08499149
5_gb_bin.17	0.0071271053	0.031227576	0.014965958	0.024844192	0.12204793	0.014473377	0.018339422	1.3635129	0.023980925	0.086013064
5_gb_bin.180	0.13637084	0.07615588	0.04707991	0.013233966	1.6607255	0.34059164	0.035631273	0.234819	0.6935633	0.15510088
5_gb_bin.181	0.0777889	0.5734306	0.71293795	0.8845842	0.38360053	0.62168723	1.5090123	0.023626234	0.5498527	0.04313411
5_gb_bin.182	0.25154057	0.44701362	0.00011130976	0.00003984481	0.000108605724	0.000012372568	0.00044417815	0.0030735577	0.003106914	0.018274179
5_gb_bin.183	0.37988842	0.05304413	0.0005722238	0.0008654936	0.0006073469	0.00035998583	0.0009886156	0.00094038085	0.08639491	0.002436624
5_gb_bin.184	0.016250363	0.105764925	0.010568018	0.037569962	0.080588445	0.19669302	0.0046535926	0.0016252502	0.012632687	0.01871613
5_gb_bin.185	0.00052276585	0.00153036	0.0008731938	0.00053613813	0.0006415643	0.00027296666	0.0005210593	0.13523087	0.36299658	0.0010081764
5_gb_bin.186	0.012471522	0.10756275	0.0036701139	0.015051791	0.1104342	0.00043926673	0.0066966554	0.022458024	0.039276667	0.014117262
5_gb_bin.187	0.08241406	0.06780143	0.04749603	0.016783616	0.04377609	0.0025963301	0.04012713	0.012443345	0.14781174	0.44056302
5_gb_bin.188	0.005156961	0.5362489	0.0076204953	0.024261089	0.008522386	0.008495185	0.013900759	0.098937124	0.026798338	0.010506286
5_gb_bin.189	0.010607109	0.01262685	0.61497194	0.007310095	0.0038601288	0.3903309	0.011335274	0.53155535	0.011082697	0.030993892
5_gb_bin.18	1.0206033	0.0010865367	0.000056535362	0.0007009889	0.00016864148	0.000047440946	0.00092847226	0.03620127	0.05606249	0.073367
5_gb_bin.190	0.017628368	0.0012971547	0.001174923	0.0025329683	0.0013928874	0.6523075	0.0023359447	0.0073747835	0.018109072	0.004050049
5_gb_bin.191	10.266076	0.000037144135	0.00024114698	0.00008383306	0.00024832948	0.0069583966	0.000016381422	0.001534456	0.00037753713	0.00018042431
5_gb_bin.192	0.00033284686	0.000023661732	0.00041697244	0.00087586936	0.0008056518	0.00016672401	0.0008117167	0.024851993	0.3199703	0.0010821206
5_gb_bin.193	0.0017409935	0.0031765995	0.0059941467	0.0038689063	0.003102298	0.0042667324	0.2926339	0.0023402458	0.0037911534	0.0014552524
5_gb_bin.194	0.036409397	0.31442693	0.34251395	0.7059091	2.9203622	3.6834767	0.5979346	0.86540204	0.5576293	1.1300584
5_gb_bin.195	0.007711722	0.3822366	0.0045997454	0.0039841034	0.061825473	0.00033964336	0.005833852	0.00035836868	0.017793441	0.0030990425
5_gb_bin.196	1.230845	0.0013232696	0.014699032	0.000011113012	0.06410952	0.0012592443	0.00083381106	0.0020308595	0.0026000042	0.0000642523
5_gb_bin.197	0.0003545011	0.00093720626	0.030587874	0.0021280707	0.00036393577	0.0005966879	0.0008433174	0.2442519	0.03701079	0.119509734
5_gb_bin.198	0.0032394566	0.0031853293	0.0056304513	0.01595449	0.024258457	0.0010114097	0.0032923992	0.0055696876	0.57162386	0.0013933211
5_gb_bin.199	0.0000066814646	0.000012176338	0.00001673376	0.00029121953	0.000029445448	0.00007251148	0	0.34322906	0.00006416242	0.00013791893
5_gb_bin.19	0.0009755646	0.46001416	0.0009774253	0.0011940559	0.0012597174	0.0007105682	0.0025018302	0.007557116	0.01490533	0.007798663
5_gb_bin.1	0.043286864	0.13734889	0.0000027283945	0.0027387303	0.1566895	0.10209728	0.3708131	0.0010688581	0.07906902	0.011837574
5_gb_bin.200	0.005529096	0.16516374	0.0040446073	0.0019397432	0.012995706	0.004760231	0.0011623071	0.1038694	0.005801352	0.10643164
5_gb_bin.201	0.0014297441	0.035844848	0.000034235367	0.034968257	0.006228451	0.00017095823	0.012865152	0.40677047	0.043677364	0.1810136
5_gb_bin.20	0.04779659	0.17652911	0.0864532	0.044495117	0.042610858	0.17133671	0.0710037	0.1422011	0.06052826	0.046048902
5_gb_bin.21	0.06518256	0.9313978	0.019166458	0.0048651155	0.0015244357	0.0060667978	0.05501119	0.11135693	0.025500525	0.15974592
5_gb_bin.22	0.045493215	0.1437245	4.766053	0.3706052	0.29556113	0.77022266	0.010873777	1.8814659	0.40901542	0.58144975
5_gb_bin.23	0.71164304	0.35272858	0.0002972014	0.31493053	1.6785147	0.00016026454	0.40549177	0.03211231	0.06933854	0.010538397
5_gb_bin.24	0.04176547	0.5809229	0.016814364	0.008733579	0.008601074	0.001774108	0.0060539036	0.0028861964	0.011818288	0.0015842401
5_gb_bin.25	0.093856424	0.00953467	0.00007246008	0.0003519377	0.34242442	0	0.000046985708	0.04704329	0.0013852561	0.40052122
5_gb_bin.26	0.04160363	0.09456914	0.015561128	0.086105496	0.43389374	0.15464643	0.017418057	0.26599008	0.027595446	0.08776558
5_gb_bin.27	0.09139278	0.050851285	0.084218584	0.017053124	0.030486865	0.16895586	0.0049576573	0.01553287	0.07547525	0.03564909
5_gb_bin.28	0.004885379	0.105201006	0.043381613	0.0065345555	0.022171125	0.075430125	0.03066863	0.058533356	0.027254917	0.049281303
5_gb_bin.29	0.036968574	0.00044169795	0.000010093432	0.0077839796	0.002075143	0.00019131486	0.014682988	0.024367249	0.10209407	0.07205605
5_gb_bin.2	0.023971446	0.5299199	0.019327028	3.081968	0.023846837	0.024813047	0.12452215	0.04903571	0.015650956	0.016828554
5_gb_bin.30	0.0887659	0.02754628	0.55559576	1.5140568	0.004184443	0.06778861	0.07609605	0.41202438	5.3872533	0.0026657565
5_gb_bin.31	0.063791536	0.24663298	0.19053067	0.17606758	0.07868824	0.27366474	0.43096092	0.39064988	0.11319476	0.23709667
5_gb_bin.32	0.96822417	0.00007149021	0.00005756404	0.0006802952	0.000047500536	0.00023077449	0.00011435687	0.0006206637	0.00020433395	0.0000074193017
5_gb_bin.33	0.07824508	0.1061012	0.27934977	0.2586091	0.052877076	0.3196004	0.071652465	0.0047565866	0.017051304	0.0022833522
5_gb_bin.34	0.01747014	0.052606273	0.36515066	0.004437324	0.0024873302	0.0051872116	0.13411888	0.07446116	0.038675517	0.0048603197
5_gb_bin.35	0.061923947	0.1883657	0.0035580453	0.013329914	0.25164223	0.0021382929	0.001441996	0.0371663	0.20267186	0.0113603715
5_gb_bin.36	0.00072387117	0.1021485	0.0005839158	0.034695752	0.071231484	0.0021205756	0.02321932	0.00076343364	0.012171335	0.014080219
5_gb_bin.37	0.0036671916	0.04552936	0.005741511	0.037095424	0.013999423	0.027979685	0.013756275	0.042547315	1.4926617	0.028208131
5_gb_bin.38	0.0039972886	0.08163993	0.000018980003	0.013149842	0.20504078	0.000006300037	0.005931339	0.0062446822	0.005912182	0.00027750028
5_gb_bin.39	0.5009718	0.09294573	0.19674364	0.054424576	0.1518044	0.009093962	0.18158443	0.669606	0.4446874	0.57350755
5_gb_bin.3	0.115510315	0.34355596	4.499123	2.6368606	1.2660104	0.0025528518	0.2765228	0.09942073	0.3648019	0.08542146
5_gb_bin.40	0.00013334505	0.017699784	0.00039312677	0.000252044	0.0125091905	0.00028683234	0.000099395336	0.3347905	0.77002853	0.3577924
5_gb_bin.41	0.0015648493	0.00951004	0.0008240379	0.019904526	0.0014519801	1.0733141	0.010591376	0.0055138464	0.73060256	0.012776742
5_gb_bin.42	0.00561138	0.021447564	0.001614306	0.016603451	0.23220585	0.00087156385	0.0013935532	0.0059438064	0.031001335	0.0030700353
5_gb_bin.43	0.22475004	0.71816945	0.0027039761	0.019043949	0.24192388	1.0463144	0.3566985	0.0028083746	0.28547114	0.0035268203
5_gb_bin.44	0.0081498725	0.0008849216	0.1434219	0.65504694	0.0003389901	0.0011135252	0.0010614458	0.0012309854	1.9470828	0.0014629029
5_gb_bin.45	0.03579114	0.058197718	0.29883203	0.2652816	0.1627023	0.72696245	0.21025576	0.020941379	0.22577716	0.09327513
5_gb_bin.46	0.0025047555	0.39282492	0.0012247178	0.0010494908	10.801879	0.0010586978	0.00025362172	2.3504202	0.005857399	1.5959054
5_gb_bin.47	0.1900154	0.10531512	0.00221803	0.019157067	0.015516803	0.099616155	0.0010216101	0.027977033	0.034797046	0.022365104
5_gb_bin.48	0.016632145	0.008066636	0.26828206	0.037802365	0.027840327	0.0015002552	0.0013552426	0.02899885	0.009903069	0.010092899
5_gb_bin.49	0.39440823	0.00019662589	0.029733118	0.0025905618	0.008135572	0.011063843	0.000017171611	0.01652556	0.017339969	0.019136762
5_gb_bin.4	0.28477523	0.35615453	0.0011932006	0.1306897	0.080830656	0.0010442326	0.21059331	0.0021600302	0.005197029	0.07808726
5_gb_bin.50	0.09142477	0.44920346	0.04816696	0.078959934	0.02512855	0.0010525269	0.022453394	0.009722579	0.086860485	0.005988208
5_gb_bin.51	0.0335685	0.09851571	0.09314133	0.006471337	0.03243005	0.029482186	0.21442527	0.19256324	0.03690961	0.05798831
5_gb_bin.52	0.002334198	0.043900993	0.024159335	0.25756004	0.024741346	0.03135217	0.017861785	0.0057205465	0.00610714	0.0032434638
5_gb_bin.53	0.01797802	0.06619549	0.0020557567	0.003146193	0.13393876	0.0003248901	0.029303936	0.0027402467	0.039654013	0.0641815
5_gb_bin.54	0.116031066	0.39310268	3.2853768	1.1434398	0.4255991	0.0029220418	0.78928864	0.058094516	0.6682926	0.045894474
5_gb_bin.55	0.061574843	0.89267045	0.003246925	0.026113741	0.04468511	0.0010218517	0.07912266	0.24441977	0.47685915	0.03915671
5_gb_bin.56	0.03201636	0.054642703	0.0029815596	0.004683243	0.0063841953	0.027195254	0.010659549	0.02401821	0.02083536	0.09038647
5_gb_bin.57	0.01990516	0.09663347	0.09800716	0.00092873315	0.0392341	0.047135096	0.00060481747	0.018306812	0.10768672	0.062401492
5_gb_bin.58	0.74751735	1.2852519	2.4994576	1.4851713	0.4430521	4.2215734	1.7815007	1.5445912	1.8586683	0.38554144
5_gb_bin.59	0.0010797101	0.17985676	0.0016553617	0.012797994	0.0005124029	0.0010669669	0.0011564029	0.0017581409	0.071396574	0.015666237
5_gb_bin.5	0.015365218	0.008181336	2.1123185	0.006382488	0.012782562	0.0064907004	0.0087781325	0.00937736	0.013743282	0.009539481
5_gb_bin.60	0.000009172079	0.09469054	0.7071361	0.08719291	0.00006650765	0.00008644273	0.00024342569	0.012075016	0.00047034628	0.009746437
5_gb_bin.61	0.24289677	0.03365091	0.0050158	1.9465634	1.89216	0.0004690134	0.1895762	0.28037813	2.0013535	0.00018930092
5_gb_bin.62	0.35623714	0.4585283	0.30473933	0.010443217	0.08958945	0.0026347202	0.012114688	0.041808262	0.0634675	0.42134926
5_gb_bin.63	0.008572755	0.12372443	0.20416759	0.027406955	0.13783242	0.010853402	0.042066105	0.055681277	0.02884431	0.029664367
5_gb_bin.64	0.009206673	0.009538966	0.009293174	0.011560013	6.9666686	0.010787353	0.008684107	0.016408468	0.018104274	0.010896352
5_gb_bin.65	0.67669207	0.0011914617	0.005083948	0.000037009442	0.0023720574	0.003982863	0.0018970919	0.062245477	0.0018285814	0.000012706051
5_gb_bin.66	0.007783663	0.04902332	0.25195307	0.34253776	0.2782132	0.027387522	0.1339161	0.17568956	0.014475723	0.030398175
5_gb_bin.67	0.038164806	1.4373883	1.1239948	0.006425464	0.47615835	1.1769079	0.83002585	0.043486226	0.018515104	0.020914862
5_gb_bin.68	0.0031270743	0.01301935	0.004856776	0.0025023264	0.0012217434	0.0019187727	0.0023511713	0.007924732	0.06298334	0.63016135
5_gb_bin.69	0.003274798	1.372399	0.26285556	0.0010911309	1.8684539	0.0014781441	0.0011069697	0.43140683	0.19130564	0.04443837
5_gb_bin.6	1.7715114	0.28423193	0.2219671	1.8220867	0.22276844	0.33566672	1.0809008	0.8844251	1.236307	0.99814254
5_gb_bin.70	0.08078534	0.6535336	0.008006952	0.005864674	0.0060255476	0.006340307	0.008786077	0.12383059	0.02644979	0.0057945196
5_gb_bin.71	0.00075628137	0.18044719	0.0014207899	0.0025178872	0.04212148	0.0026928673	0.00065595086	0.10304933	0.08715231	0.24167977
5_gb_bin.72	0.06622806	0.2298883	0.00092278695	0.05672676	0.021738099	0.022257892	0.16950591	0.040942606	0.14902394	0.12473136
5_gb_bin.73	2.3232293	1.8145972	0.0015316107	0.0009105001	0.0013397698	0.0039981157	0.0006617321	0.077211544	0.0034503401	0.0018119483
5_gb_bin.74	0.058885798	0.002013553	0.12448989	0.00062585465	0.000641468	0.00051588414	0.0015138082	0.15691926	0.00047636588	0.012282435
5_gb_bin.75	0.026862793	0.07592119	0.25444305	0.041250173	0.04958253	0.04543405	0.68917084	0.07913485	0.026029173	0.012566056
5_gb_bin.76	0.07297756	0.005857237	0.0062077483	0.016111312	0.00452434	0.5349672	0.03193692	0.023962488	0.09874338	0.0121565275
5_gb_bin.77	0.22000183	1.2714194	0.0034238566	0.052716743	0.3545163	0.00091599114	0.0021233554	0.26263824	0.35003102	0.22201228
5_gb_bin.78	3.3708446	0.017361619	1.5970728	0.0014067277	0.022256667	0.00074447604	0.0017896803	0.37257668	1.3076274	0.9687995
5_gb_bin.79	0.00011657696	0.0001573955	0.0019723685	0.00004317493	0.00006321946	0.000015430247	0.00013930172	0.00014927877	0.08034756	0.19319059
5_gb_bin.7	0.0007378313	0.0011189677	1.1170877	0.00009472587	0.0016469054	0.00003371338	0.00023146186	0.00039568648	0.0011001328	0.0009233512
5_gb_bin.80	0.00023991597	0.00067872065	0.00014162871	0.00022734942	1.0247631	0.00014462444	0.00017221608	0.00040719708	0.0011298091	0.00012935024
5_gb_bin.81	0.031159986	0.14214516	0.0052016214	0.07677517	0.02570711	0.08610706	0.041392963	0.0009770882	0.014573549	0.0013047992
5_gb_bin.82	0.038906083	0.0005560295	0.45332652	0.00028809448	0.000203236	0.0003320748	0.00023399056	0.03772684	0.49270427	0.0085680485
5_gb_bin.83	0.060031828	0.00073248066	0.00023290941	0.00081512023	0.00818456	0.0876525	0.0004948929	0.07872051	0.06205567	0.0210054
5_gb_bin.85	0.000046379006	0.00000949595	0.0000025994684	0.000008214293	0.000013315765	0.000016062419	0.000004704677	0.3062534	0.00025113003	0.00019286977
5_gb_bin.86	0.07253295	0.35114455	0.15462959	0.00488067	0.12130312	0.31272626	0.011816922	0.11475065	0.030922616	0.036261622
5_gb_bin.87	1.0776542	0.6631661	0.052057087	0.035948686	0.028378537	0.62354475	0.04010476	0.03968346	0.04179739	0.06412691
5_gb_bin.88	0.029688386	0.3069879	0.16432999	0.23919427	0.32537502	0.00006182791	0.028743532	0.058689345	0.11900259	0.0114434855
5_gb_bin.89	0.058342986	0.00096946215	0.5000003	0.0021080174	0.0013516882	0.0026882202	0.0140747735	0.018990591	0.108477935	0.0039923294
5_gb_bin.8	0.000017693883	0.00011896661	0.000005539302	0.5249546	0.000052111667	0.000005218828	0.140598	0.00032123644	0.75333893	0.29879555
5_gb_bin.90	0.04022209	0.44483128	0.29734308	1.1419828	0.33273742	1.198033	0.05111687	0.32500136	0.845182	0.2967649
5_gb_bin.91	0.004524467	0.009121236	0.03653248	0.020260483	0.030506277	0.0045845513	0.008316379	0.27450955	0.02241696	0.03042448
5_gb_bin.92	0.0072015054	0.0043312605	0.00012414566	0.00259539	0.028003825	0.000031049793	0.004620198	0.0039003156	0.2797331	0.33098394
5_gb_bin.93	0.26942024	1.2602135	0.18989223	0.16036333	0.06745947	0.5621633	0.23668486	0.26127836	0.373015	0.111196876
5_gb_bin.94	0.0155333625	0.005034938	0.046199284	0.6538112	0.23137675	0.0016772416	0.0025358368	0.47764465	0.08102462	0.0039795344
5_gb_bin.95	0.24036616	0.0028799959	0.023332292	0.0013511068	0.0013406684	0.034492306	0.00018961959	0.0033811328	0.0009620135	0.00032087963
5_gb_bin.96	0.0055107796	0.004434647	0.003114056	0.00014825621	0.003163861	0.0005969224	0.0012401707	0.0012668875	1.7655786	0.0041627097
5_gb_bin.97	0.006055689	0.016255725	0.4852408	0.0026260414	0.0015724993	0.0055838805	0.004855192	0.046398673	0.024267728	0.0075543844
5_gb_bin.98	0.010454279	0.0035550073	0.00033073706	0.20619495	0.00044356316	0.00015061464	0.00021800384	0.12017589	0.00727092	0.008522288
5_gb_bin.99	0.0036306905	1.1572214	0.0061905812	0.003437853	0.0023176346	0.0035766442	0.0054836283	0.8185544	0.37605384	1.1406846
5_gb_bin.9	0.0020380355	0.0025015033	0.002891886	0.020972054	0.046492428	0.0033907527	0.000026344675	1.0858485	0.037413582	0.0039290194
